x -3.747999999999999943e-02 8.906169999999999920e-01 5.528000000000000275e-02
x 4.490770000000000040e-01 -8.909799999999999942e-01 4.280400000000000177e-02
x -4.684420000000000250e-01 -1.874039999999999873e-01 6.775599999999999679e-02
x 4.366010000000000169e-01 7.751299999999999857e-02 1.550860000000000016e-01
x -7.490700000000000136e-02 2.742020000000000013e-01 -3.375179999999999847e-01
x -2.285480000000000012e-01 -8.236710000000000420e-01 -6.947799999999999809e-02
x 1.496570000000000122e-01 -3.291529999999999734e-01 -2.566160000000000108e-01
x -4.741339999999999999e-01 3.864839999999999942e-01 5.569600000000000245e-02
x 3.561559999999999726e-01 5.486699999999999910e-01 -1.193820000000000020e-01
x -7.490700000000000136e-02 9.954000000000000348e-02 2.366109999999999880e-01
x -7.490700000000000136e-02 -4.369199999999999751e-01 1.313829999999999998e-01
x 2.785460000000000158e-01 7.458900000000000252e-02 -2.441399999999999959e-01
x -2.038409999999999944e-01 -1.125489999999999963e-01 -2.566160000000000108e-01
x 3.737499999999999850e-02 4.862909999999999733e-01 1.403689999999999938e-01
x 3.742219999999999991e-01 -4.868230000000000057e-01 4.747400000000000231e-02
x -2.121409999999999962e-01 5.985730000000000217e-01 -1.504149999999999932e-01
x 1.746089999999999864e-01 -1.749280000000000002e-01 9.942700000000000149e-02
x -2.947919999999999985e-01 1.120160000000000045e-01 -1.957499999999999865e-02
x 4.865050000000000208e-01 2.617260000000000142e-01 -9.803199999999999414e-02
x 7.480299999999999450e-02 5.361939999999999484e-01 -2.641890000000000072e-01
x -1.372859999999999914e-01 -4.027479999999999949e-01 -1.692849999999999910e-01
x -1.622379999999999933e-01 -1.499759999999999982e-01 7.711199999999999999e-02
x 2.362249999999999905e-01 -2.660000000000000146e-04 3.671749999999999736e-01
x 1.870850000000000013e-01 2.367740000000000122e-01 1.919399999999999995e-01
x 6.232700000000000046e-02 -7.512099999999999334e-02 -3.748619999999999730e-01
x 3.866979999999999862e-01 -6.864369999999999639e-01 -1.643320000000000058e-01
x -2.185459999999999903e-01 3.490570000000000062e-01 1.925139999999999907e-01
x -3.244239999999999902e-01 3.365810000000000191e-01 -2.044739999999999891e-01
x 2.513850000000000251e-01 3.365810000000000191e-01 -2.815670000000000117e-01
x 3.742219999999999991e-01 3.989599999999999813e-01 9.986299999999999344e-02
x 9.704799999999999538e-02 6.734280000000000266e-01 -3.205100000000000310e-02
x 2.930249999999999799e-01 -1.624520000000000131e-01 -1.318580000000000030e-01
