x -2.691350000000000131e-01 -8.463739999999999597e-01 4.307400000000000118e-02
x 4.713470000000000160e-01 8.610370000000000523e-01 -1.867310000000000081e-01
x 8.833900000000000086e-02 7.645599999999999619e-02 3.817610000000000170e-01
x -4.392599999999999838e-01 8.297050000000000258e-01 -4.629500000000000282e-02
x 1.649400000000000033e-01 -3.193190000000000195e-01 -2.469679999999999931e-01
x 1.173699999999999917e-02 3.573290000000000077e-01 -2.359400000000000108e-01
x -5.244739999999999958e-01 -1.403560000000000085e-01 1.962770000000000070e-01
x 4.968810000000000171e-01 -4.342210000000000236e-01 2.895499999999999741e-01
x 1.521740000000000037e-01 6.288110000000000088e-01 2.473450000000000093e-01
x 2.847020000000000106e-01 -8.427630000000000399e-01 -7.182900000000000396e-02
x -1.159319999999999934e-01 -3.959210000000000229e-01 1.411139999999999894e-01
x -2.503900000000000015e-01 3.700959999999999805e-01 1.707430000000000059e-01
x 3.436779999999999835e-01 1.658250000000000002e-01 1.423199999999999986e-02
x -1.031650000000000067e-01 2.095000000000000074e-03 -2.076100000000000168e-02
x 4.087850000000000095e-01 4.594639999999999835e-01 -3.144000000000000128e-01
x 2.798430000000000084e-01 -1.943880000000000052e-01 9.414100000000000246e-02
x -3.591190000000000215e-01 4.849979999999999847e-01 -1.611970000000000069e-01
x -1.797670000000000101e-01 -4.342210000000000236e-01 -2.161129999999999995e-01
x -6.486400000000000499e-02 6.454490000000000505e-01 -3.352800000000000225e-02
x 3.748839999999999950e-01 5.105319999999999858e-01 1.754000000000000004e-02
x 1.804010000000000058e-01 -5.108230000000000270e-01 3.030700000000000061e-02
x -1.379700000000000024e-02 3.956290000000000084e-01 4.041049999999999920e-01
x 2.864140000000000019e-01 3.445619999999999794e-01 2.728789999999999827e-01
x -7.273100000000000398e-02 -6.384919999999999485e-01 -3.352800000000000225e-02
x -2.946690000000000142e-01 -1.993560000000000054e-01 4.307400000000000118e-02
x -1.542330000000000090e-01 1.147569999999999979e-01 2.392749999999999877e-01
x 1.173699999999999917e-02 -1.533490000000000131e-01 1.929879999999999929e-01
x 1.777070000000000038e-01 5.734719999999999818e-01 -1.611970000000000069e-01
x 1.138730000000000020e-01 1.275239999999999985e-01 -1.287760000000000016e-01
x -1.862409999999999899e-01 2.551930000000000032e-01 -7.182900000000000396e-02
x -1.159319999999999934e-01 5.983340000000000325e-01 2.345780000000000087e-01
x 1.521740000000000037e-01 -6.512590000000000323e-01 -1.908539999999999959e-01
