x -2.168970000000000065e-01 9.662370000000000125e-01 -4.580599999999999949e-02
x 2.481470000000000065e-01 -9.659539999999999793e-01 7.045500000000000373e-02
x -1.297010000000000107e-01 -4.342900000000000232e-02 -1.254230000000000067e-01
x 1.651120000000000088e-01 4.942770000000000219e-01 -6.033899999999999680e-02
x -2.023639999999999883e-01 -6.331250000000000488e-01 -1.184690000000000049e-01
x 2.387980000000000103e-01 -3.922120000000000051e-01 2.685699999999999893e-02
x 2.413160000000000027e-01 9.447879999999999612e-01 -2.207999999999999893e-03
x 9.007800000000000529e-02 1.164290000000000047e-01 2.303139999999999910e-01
x -1.933239999999999958e-01 3.489510000000000112e-01 -1.475339999999999985e-01
x -1.442340000000000011e-01 -9.475350000000000161e-01 8.498699999999999311e-02
x -1.151689999999999936e-01 -3.486139999999999795e-01 6.742900000000000282e-02
x -2.797300000000000134e-02 7.267989999999999728e-01 1.201369999999999938e-01
x 1.464179999999999926e-01 -6.973970000000000447e-01 -1.240610000000000046e-01
x 1.972649999999999959e-01 -5.796199999999999963e-02 -4.580599999999999949e-02
x -2.314299999999999968e-01 1.164290000000000047e-01 1.528500000000000136e-01
x -7.157099999999999573e-02 -9.299190000000000511e-01 -2.312130000000000019e-01
x -1.878319999999999990e-01 6.686689999999999579e-01 -1.669019999999999948e-01
x 7.375500000000000111e-02 2.102110000000000090e-01 -1.184690000000000049e-01
x -4.250600000000000211e-02 3.925489999999999813e-01 6.852099999999999858e-02
x 1.900159999999999905e-01 7.495150000000000423e-01 -1.620669999999999888e-01
x 1.844989999999999963e-01 -9.444510000000000405e-01 -1.766000000000000070e-01
x -3.408100000000000018e-02 -4.503420000000000201e-01 -1.475339999999999985e-01
x -1.344000000000000056e-02 8.488250000000000517e-01 -8.940399999999999736e-02
x 5.394700000000000190e-02 -2.468859999999999943e-01 -6.033899999999999680e-02
x -3.166000000000000064e-02 8.736399999999999721e-02 4.139000000000000318e-02
x 1.651900000000000035e-01 -5.956690000000000040e-01 7.045500000000000373e-02
x -4.250600000000000211e-02 5.088099999999999845e-01 -1.220620000000000038e-01
x 1.900159999999999905e-01 -4.891909999999999870e-01 -1.620669999999999888e-01
x -4.250600000000000211e-02 -5.956690000000000040e-01 1.688299999999999870e-02
x 1.900159999999999905e-01 1.745599999999999929e-01 5.530299999999999799e-02
x -2.895599999999999841e-01 7.780120000000000369e-01 -2.207999999999999893e-03
x -8.610399999999999998e-02 -1.451580000000000092e-01 4.980300000000000005e-02
